78.6866
79.025
79.25
79.5866
79.7
79.8116
80.0366
80.15
80.15
80.15
80.375
80.48660000000001
80.6
80.7116
80.7116
80.7116
80.825
80.825
80.825
80.9366
80.9366
80.9366
80.9366
81.05
79.8116
77.45
77.3366
77.5616
78.125
78.4616
78.9116
79.25
79.5866
79.8116
80.0366
80.2616
80.375
80.48660000000001
80.6
80.6
80.7116
80.825
80.9366
80.9366
81.05
79.925
77.5616
77.7866
78.125
78.575
79.025
79.36160000000001
79.8116
80.15
80.48660000000001
80.6
80.825
80.9366
81.05
80.0366
77.3366
77.225
77.675
78.4616
79.025
79.5866
80.0366
80.375
80.7116
81.05
79.8116
77.225
77.11160000000001
77.7866
78.575
79.25
79.8116
80.2616
80.7116
81.05
79.925
77.3366
77.11160000000001
77.9
78.6866
79.475
80.0366
80.48660000000001
81.05
79.8116
77.11160000000001
77.11160000000001
77.9
79.025
80.0366
80.7116
81.1616
79.8116
77.11160000000001
77.11160000000001
77.9
78.8
79.5866
80.2616
80.9366
81.3866
80.2616
77.675
77.5616
78.4616
79.25
80.15
80.825
81.3866
80.375
77.675
77.7866
78.575
79.8116
80.7116
81.3866
80.15
77.675
77.7866
78.6866
79.5866
80.48660000000001
81.1616
80.0366
77.675
77.7866
78.6866
79.7
80.48660000000001
81.275
80.2616
77.9
78.0116
78.8
79.7
80.48660000000001
81.275
80.15
77.675
78.0116
78.9116
79.7
78.6866
76.6616
77.0
78.0116
79.025
78.125
76.1
76.4366
77.45
78.575
79.5866
78.4616
76.325
76.6616
77.5616
78.575
79.475
78.4616
76.325
76.55
77.45
78.4616
79.25
78.35
76.1
76.4366
77.225
78.23660000000001
79.025
77.9
75.875
76.1
77.0
78.0116
78.9116
79.5866
78.575
76.2116
76.325
77.225
78.125
78.9116
79.5866
78.575
76.2116
76.325
77.11160000000001
78.125
78.9116
79.475
78.575
76.2116
76.325
77.0
77.9
78.6866
79.36160000000001
78.4616
76.2116
76.2116
76.8866
77.9
78.6866
79.25
78.35
75.98660000000001
75.98660000000001
76.775
77.7866
78.575
79.025
78.23660000000001
75.875
75.875
76.775
77.675
78.35
79.025
78.35
75.98660000000001
75.875
76.6616
77.5616
78.35
78.9116
79.36160000000001
78.6866
76.325
76.2116
76.8866
77.7866
78.4616
79.025
78.35
75.98660000000001
75.98660000000001
76.6616
77.5616
78.23660000000001
78.6866
79.25
78.575
76.2116
76.1
76.775
77.675
78.35
78.8
79.25
78.575
76.2116
76.1
76.775
77.5616
78.23660000000001
78.6866
79.1366
78.575
76.2116
76.1
76.6616
77.45
78.125
78.6866
79.1366
78.4616
76.1
76.55
77.225
78.0116
78.6866
79.25
78.8
77.225
76.6616
76.8866
77.45
78.125
78.8
79.36160000000001
78.9116
77.11160000000001
75.65
74.4116
74.1866
74.75
75.5366
76.4366
76.325
74.1866
72.725
72.725
73.4
74.4116
75.425
76.325
76.2116
74.075
72.5
72.5
73.175
74.075
75.2
76.1
75.875
74.525
74.1866
74.6366
75.5366
76.325
76.1
73.9616
72.275
72.275
72.8366
73.85
74.86160000000001
75.7616
76.55
76.2116
73.9616
72.1616
72.05
72.61160000000001
73.625
74.6366
75.65
76.325
76.1
73.9616
72.275
72.05
72.61160000000001
73.5116
74.525
75.5366
76.2116
75.98660000000001
74.525
74.075
74.4116
75.2
75.98660000000001
76.6616
76.325
73.9616
72.275
72.05
72.61160000000001
73.5116
74.525
75.425
76.2116
75.875
74.4116
74.075
74.4116
75.2
75.98660000000001
76.6616
76.325
74.1866
72.3866
72.1616
72.725
73.625
74.6366
75.5366
76.2116
75.875
74.525
74.075
74.4116
75.3116
76.1
75.7616
74.3
73.9616
74.4116
75.0866
75.875
76.55
76.2116
74.1866
72.3866
72.1616
72.61160000000001
73.5116
74.525
75.425
76.2116
75.875
74.4116
74.075
74.4116
75.3116
75.98660000000001
76.6616
76.2116
74.075
72.3866
72.1616
72.725
73.625
74.6366
75.5366
76.2116
75.875
74.4116
73.9616
74.525
75.3116
75.98660000000001
76.6616
76.1
74.075
72.5
72.275
72.725
73.625
74.6366
75.425
76.1
75.7616
74.4116
73.9616
73.4
71.48660000000001
70.25
70.475
71.15
72.1616
73.2866
73.4
71.48660000000001
70.025
70.25
70.925
72.1616
73.4
73.4
71.375
69.9116
70.025
70.8116
71.9366
73.0616
73.0616
71.15
69.8
69.8
70.5866
71.7116
72.8366
73.73660000000001
73.5116
71.375
69.8
69.9116
70.7
71.7116
72.725
73.625
73.4
71.375
69.8
69.9116
70.475
71.375
72.5
73.2866
73.0616
71.0366
69.575
69.575
70.1366
71.15
72.275
72.95
73.625
73.2866
71.15
69.575
69.575
70.025
70.925
71.9366
72.725
73.2866
73.0616
70.8116
69.23660000000001
69.125
69.575
70.475
71.48660000000001
72.275
72.8366
73.4
73.0616
71.0366
69.35
69.125
69.4616
70.36160000000001
71.2616
72.05
72.61160000000001
73.175
72.725
71.2616
70.8116
71.15
71.9366
72.5
72.95
73.4
72.95
71.48660000000001
70.925
71.2616
71.825
72.5
72.95
73.2866
72.8366
71.2616
70.8116
71.0366
71.6
72.275
72.725
73.0616
72.61160000000001
71.15
70.5866
70.8116
71.48660000000001
72.05
72.61160000000001
72.95
73.2866
72.8366
71.2616
70.7
70.925
71.375
72.05
72.5
72.8366
73.175
72.725
71.15
70.7
70.8116
71.2616
71.9366
72.3866
72.725
73.0616
72.95
71.48660000000001
70.8116
70.925
71.375
71.9366
72.275
72.61160000000001
72.8366
73.2866
72.725
70.25
68.675
68.45
68.675
69.125
69.9116
70.7
71.2616
70.8116
69.575
69.23660000000001
69.4616
70.025
70.7
71.2616
70.7
69.4616
69.125
69.35
69.9116
70.5866
71.15
70.5866
69.35
69.0116
69.23660000000001
69.8
70.475
70.925
71.375
70.925
69.575
69.23660000000001
69.4616
69.9116
70.5866
71.0366
70.5866
69.23660000000001
68.9
69.125
69.6866
70.36160000000001
70.8116
71.2616
70.925
69.575
69.125
69.35
69.9116
70.5866
71.0366
70.5866
69.35
69.0116
69.23660000000001
69.8
70.475
70.925
71.2616
70.925
69.575
69.125
69.4616
70.1366
70.8116
71.15
70.8116
69.4616
69.0116
69.35
70.025
70.7
71.15
70.8116
69.575
69.125
69.4616
70.1366
70.8116
71.15
70.8116
69.575
69.23660000000001
69.575
70.1366
70.8116
71.2616
70.925
69.575
69.23660000000001
69.575
70.25
70.925
71.2616
71.0366
68.675
67.2116
67.2116
67.6616
68.5616
69.4616
70.25
70.8116
71.2616
71.0366
68.5616
67.2116
67.325
67.775
68.5616
69.575
70.25
70.8116
71.375
71.15
68.7866
67.325
67.325
67.8866
68.675
69.575
70.36160000000001
70.925
71.375
71.15
68.7866
67.325
67.325
67.8866
68.675
69.575
70.25
70.8116
71.375
71.15
68.9
67.4366
67.4366
67.8866
68.7866
69.6866
70.25
70.8116
71.48660000000001
71.15
68.7866
67.4366
67.55
67.8866
68.675
69.575
70.1366
70.7
71.2616
71.0366
68.9
67.4366
67.55
67.8866
68.5616
69.575
70.1366
70.5866
71.2616
70.925
69.6866
69.35
69.8
70.36160000000001
70.8116
71.2616
70.925
69.6866
69.35
69.6866
70.36160000000001
70.8116
71.15
70.925
69.6866
69.23660000000001
69.6866
70.36160000000001
70.8116
71.2616
70.925
69.6866
69.23660000000001
69.575
70.25
70.7
71.15
70.8116
69.575
69.23660000000001
69.4616
70.025
70.5866
70.925
71.375
71.0366
68.7866
67.325
67.325
67.6616
68.3366
69.125
69.8
70.36160000000001
70.8116
71.2616
70.925
69.6866
69.23660000000001
69.575
70.25
70.7
71.0366
70.7
69.35
69.0116
69.23660000000001
69.9116
70.475
70.8116
71.2616
70.8116
69.6866
69.35
69.4616
70.025
70.475
70.925
71.2616
70.8116
69.6866
69.125
69.35
70.025
70.475
70.8116
71.15
70.8116
69.575
69.125
69.35
69.9116
70.36160000000001
70.8116
71.15
70.8116
69.4616
69.0116
69.23660000000001
69.8
70.36160000000001
70.7
71.0366
70.5866
69.35
68.9
69.125
69.6866
70.25
70.475
70.925
71.2616
70.8116
69.575
69.125
69.23660000000001
69.6866
70.25
70.5866
71.0366
70.7
69.125
68.675
68.9
69.4616
70.1366
70.475
70.8116
71.15
70.7
69.23660000000001
68.7866
69.0116
69.575
70.25
70.5866
70.8116
71.15
70.5866
69.23660000000001
68.675
69.0116
69.575
70.1366
70.5866
70.8116
71.15
70.7
69.125
68.675
68.9
69.4616
70.1366
70.36160000000001
70.8116
71.15
70.5866
69.0116
68.5616
68.9
69.4616
70.025
70.475
70.8116
71.0366
70.7
69.125
68.675
68.9
69.575
70.1366
70.5866
70.8116
71.15
70.8116
69.23660000000001
68.7866
69.0116
69.6866
70.36160000000001
70.7
71.0366
70.5866
69.0116
68.675
68.9
69.575
70.25
70.5866
70.925
71.2616
70.925
69.35
69.0116
69.23660000000001
69.9116
70.475
70.925
71.15
70.8116
69.35
68.7866
69.23660000000001
69.9116
70.475
70.925
71.15
70.8116
69.35
68.9
69.23660000000001
69.9116
70.5866
70.925
71.375
70.925
69.4616
69.125
69.4616
70.1366
70.7
71.0366
70.7
69.23660000000001
68.9
69.35
69.9116
70.5866
70.925
71.375
70.925
69.4616
69.23660000000001
69.575
70.25
70.8116
71.15
70.8116
69.35
69.0116
69.4616
70.1366
70.8116
71.15
70.8116
69.4616
69.125
69.575
70.25
70.8116
71.2616
70.925
69.4616
69.125
69.575
70.25
70.8116
71.2616
70.925
69.4616
69.23660000000001
69.6866
70.36160000000001
70.925
71.375
71.0366
68.7866
67.2116
67.2116
67.775
68.45
69.4616
70.1366
70.7
71.15
70.8116
69.575
69.125
69.575
70.25
70.8116
71.15
70.8116
69.35
69.0116
69.4616
70.1366
70.7
71.0366
70.7
69.23660000000001
68.9
69.35
70.025
70.5866
71.0366
70.5866
69.23660000000001
68.9
69.23660000000001
69.9116
70.475
70.925
71.2616
70.925
69.35
69.0116
69.4616
70.1366
70.7
71.0366
70.5866
69.0116
68.7866
69.125
69.8
70.475
70.8116
71.15
70.8116
69.23660000000001
68.9
69.23660000000001
69.9116
70.475
70.8116
71.15
70.8116
69.23660000000001
68.7866
69.23660000000001
69.8
70.475
70.8116
71.15
70.7
69.125
68.7866
69.0116
69.6866
70.25
70.7
71.0366
70.5866
69.125
68.5616
68.9
69.575
70.1366
70.475
70.925
71.15
70.8116
69.23660000000001
68.7866
69.0116
69.575
70.25
70.5866
70.8116
71.15
70.7
69.125
68.675
69.0116
69.575
70.1366
70.475
70.8116
71.0366
70.5866
69.125
68.5616
68.9
69.4616
70.025
70.36160000000001
70.7
70.925
71.2616
70.8116
69.23660000000001
68.7866
69.0116
69.4616
70.025
70.36160000000001
70.7
70.925
71.15
70.7
69.125
68.675
68.9
69.35
70.025
70.36160000000001
70.5866
70.8116
71.15
70.5866
69.125
68.5616
68.7866
69.23660000000001
69.8
70.25
70.475
70.7
71.0366
70.475
69.0116
68.5616
68.5616
69.575
69.9116
70.1366
70.36160000000001
70.5866
70.8116
71.0366
70.5866
69.35
68.7866
68.7866
69.125
69.6866
69.9116
70.1366
70.475
70.7
71.0366
70.5866
69.23660000000001
68.7866
68.7866
69.125
69.575
69.9116
70.1366
70.36160000000001
70.7
70.925
71.15
70.5866
69.4616
68.9
68.9
69.23660000000001
69.6866
70.025
70.25
70.5866
70.8116
71.0366
70.475
69.35
68.9
68.9
69.23660000000001
69.8
70.1366
70.36160000000001
70.5866
70.925
71.2616
70.8116
69.4616
69.0116
69.0116
69.4616
69.9116
70.25
70.5866
70.8116
71.0366
70.5866
69.4616
69.0116
69.0116
69.4616
69.9116
70.36160000000001
70.5866
70.925
71.2616
70.925
69.8
69.23660000000001
69.23660000000001
69.575
70.1366
70.475
70.8116
71.15
70.7
69.575
69.125
69.125
69.6866
70.1366
70.475
70.8116
71.15
70.8116
69.6866
69.23660000000001
69.35
69.8
70.36160000000001
70.7
71.0366
70.5866
69.4616
69.0116
69.23660000000001
69.8
70.36160000000001
70.7
71.0366
70.7
69.4616
69.0116
69.35
69.9116
70.475
70.8116
71.15
70.7
69.575
69.23660000000001
69.4616
70.025
70.475
70.8116
71.2616
70.925
69.8
69.35
69.575
70.1366
70.7
71.0366
70.7
69.575
69.23660000000001
69.4616
70.025
70.5866
70.925
71.375
71.0366
68.225
67.2116
67.4366
67.775
68.45
69.23660000000001
69.9116
70.475
70.925
71.375
71.0366
69.9116
69.575
69.8
70.36160000000001
70.8116
71.15
71.48660000000001
71.9366
72.3866
72.725
72.95
73.0616
73.2866
73.4
73.5116
73.73660000000001
73.85
74.1866
74.3
74.525
74.6366
74.75
74.75
74.86160000000001
74.975
75.0866
75.0866
75.2
75.2
75.3116
75.425
75.5366
75.5366
75.5366
75.65
75.65
75.7616
75.7616
75.875
75.875
75.875
75.98660000000001
75.98660000000001
76.1
75.5366
74.075
73.73660000000001
73.85
74.075
74.1866
74.3
74.525
74.75
74.975
75.2
75.3116
75.425
75.5366
75.65
75.65
75.875
75.98660000000001
76.1
75.5366
74.075
73.5116
73.5116
73.85
74.1866
74.4116
74.525
74.75
74.975
75.0866
75.3116
75.5366
75.65
75.7616
75.875
75.98660000000001
76.1
75.425
74.075
73.4
73.4
73.73660000000001
74.075
74.4116
74.525
74.75
74.975
75.2
75.425
75.5366
75.65
75.7616
75.98660000000001
76.1
75.5366
74.075
73.5116
73.4
73.625
74.075
74.4116
74.6366
74.75
74.975
75.0866
75.3116
75.425
75.65
75.7616
75.875
76.1
75.425
73.9616
73.5116
73.4
73.625
73.9616
74.3
74.525
74.75
74.975
75.0866
75.2
75.425
75.65
75.7616
75.875
75.98660000000001
76.1
75.425
73.9616
73.4
73.4
73.625
74.075
74.4116
74.6366
74.86160000000001
74.975
75.0866
75.3116
75.425
75.5366
75.7616
75.875
